01141 01005
01227 01005
01234 01005
01246 01035
01250 01035
01259 01017
01410 01017
01450 01035 01246
01625 02345 
01715 01035
01716 01250
01932 01931
02105 02101
02110 02105
02131 02101
02151 02101
02152 02101 02131
02162 02105 02161
02180 02101 02105
02204 02151 
02206 02151
02207 02151
02208 02151 
02216 02151
02221 02152
02222 02152
02224 02152
02227 02151
02232 02345
02233 02345
02241 02101
02242 02101 02141 
02244 02141 
02263 01017 02152
02281 01017 02105
02299 02142 02244
02319 02318 
02321 02311
02333 02321
02337 02101 02152
02340 02321
02344 02312
02345 02101 02161 02152
02350 02312 02344
02355 02344 
02358 02312 02348
02366 02101 02321
02407 02402 02405
02409 02402
02411 02402
02413 02402
02416 02402
02417 02402
02421 02402 31300
02424 02402 02416
02427 02417 
02451 02402 
02454 01005 02402
02457 02451
02459 02451
02501 02405
02503 02501 02409
02505 02402 02501
02561 02501
02563 02561
02565 02501
02566 02561
02569 01007
02581 02402
02585 01234 
02601 01005
02603 01005
02605 02601 
02610 02601
02614 02601 
02616 02601 
02617 02610 02612
02685 02603
02689 02685
02711 02701
02713 02701
02717 02701
02722 02701
02735 02701 02717 02719
02815 02101 
02817 02101 02815
02827 02815 02816
02828 02345 02827
02835 02101 
02836 02867
02857 02815
02913 02242 02244
02918 02409
10033 01005
10034 01005
10036 10033 01005
10040 10020 01005
10042 10020 01005
10044 10020 01005
10046 10020 01005
10048 10020 01005
10102 10036
10302 10303
10303 10102 
10304 10303
10307 10122 10303
10344 10345
10345 01035
10346 10033 10034 02685
10347 10020 10033 10034
10351 10347
10352 10345
10355 10347 10102
10360 10033 10034
10506 10304
10508 10302
11020 11560
11023 11311
11030 11000
11033 11030
11046 11771
11073 11076
11078 11073
11079 11076 11073
11114 11112
11115 11121 11114
11116 11115
11117 11111
11118 11121 02601
11119 01005 10020 10040 
11120 11111
11121 11111
11122 11121
11124 11111 11112 11121
11125 11117
11305 02631
11311 41205
11312 11560 11311
11313 41215 11311 11312
11330 11311 11312
11351 11311
11352 11312 
11353 11312 41206 11305
11365 11312 41215 11313
11371 11560
11411 41205
11413 11743
11414 11413 01035
11415 11418
11563 11560
11567 11560
11737 11735 41235
11743 41235 11735 12700
11746 41235
11747 41235
11921 11911
11931 11921 01932
11935 11915
11941 11931
11947 11937
11962 11912 11932
12121 12102 12134
12130 12102
12131 12102
12133 12134
12134 27002
12225 12102 26027
12230 12102
12233 12102
12235 12102
12242 12121 12131
12320 12301
12328 12320
12329 12320
12330 12102
12332 12102 
12333 12320
12341 12320 02402
12441 12411
13001 02121 
13005 13000
13130 02402
13135 02402
13141 13130 02713
13150 13141 13130
13231 13000
13235 13231
13430 02713
13435 02713
13440 02713
26124 26000 
26126 26124
26128 26006
26140 26000 42110
26173 26171
26201 26000
26202 26000
26222 26201
26231 26201 26222 
26235 26201
26240 26222
26250 26201 26500 
26316 26373 
26320 26000
26325 01005 26000 10022 26400 26202
26371 26171
26400 26000
26411 26400
26422 26411 27002
26426 26400 27002 26411
26428 26411
26433 26411
26438 26428 26411
26444 26433
27022 27002
27023 27002
27025 27002
27041 27002 27022 27611
27051 27002 27022 27025
27231 27025
27253 27025 27231
27256 27231
27258 27025
27301 27022
27321 27311
27335 27101 27732
27403 26410 27032
27405 27032
27409 27025 27051
27411 02402
27412 27022
27413 27002 27025 27022 
27508 27002
27520 27710
27611 27002
27614 27231
27615 27231 01005
27620 27025
27711 27710
27725 27734 27032
27764 27711 
27932 26173 26471
27944 26471
27961 28022 28351
28020 10020
28022 28012 28322
28140 28160
28150 28020 28160
28156 28012
28160 01005
28212 26411
28213 26400 26201
28221 26222
28241 26201
28244 28020
28312 28221
28315 26201
28322 26271
28341 26222
28350 28001 28020
28352 28015
28420 28020 28221
28423 28221 28321
28434 28020
28443 28140
28451 28351
28530 28160
28852 28020
28908 28530 02631
28910 28160 02631
31024 31021 31022
31035 01005 31022
31037 31022
31038 31022
31200 01005
31220 31004 31200
31230 31200
31232 31230
31236 31200
31240 31241
31260 31200
31270 31200
31300 01005 01035
31310 31300
31320 31310
31340 31300
31350 31002 31004 31038
31351 31002 31004 31038
31352 31350
31356 31350 31352
31362 31300
31380 02101
31388 02101 31300
31400 31002 31004 01005
31405 31400 02405
31412 31405
31413 31412
31415 31405
31420 31405
31425 31405
31428 10036 
31430 31405 31412 31428
31435 31430 02631
31440 31405
31520 27311
31525 01246 31520 26202
31530 31605 27311
31540 02631
31545 31540 02451
31550 42110
31605 31004 01005 01035
31606 31605
31610 02402 31605
31611 31610
31630 31004
31720 31004
31730 31720
31742 31730
31750 31742
31783 31782
31784 41313
31786 31730
31820 31024
31830 31820
31840 01141 31860
33206 10302 10102
33250 33253 
33251 33253
33253 10020
33257 10020
33321 33320
33322 10102 10020
33336 33236
33355 33254 33253
34032 10036 10303
34033 10036
34041 10036
34051 34032
34052 10036
34057 33254
34150 34130
34153 34032
34155 34150
34229 34310
34230 02451
34240 34230
34241 02501 34240
34249 34310
34250 34241
34330 34310
34340 02405
34341 34310 02405
34349 02151
34350 34310
34351 34310
34352 34350
34353 34150
34354 34350
34355 34341
34357 34350